00101100110101011011000110000011
01111001111011101000000011011101
00011111110011010001000000010111
01100011101100100111100000110110
00111101100110100010100000010001
00101010110100010100010100000000
10100111011111101110111000011000
10001010000010101101001010011100
11100001000110101001110110010011
11110111010111011011100111011001
11011010110100111001011001010111
00100010010000000001011111010011
10110010010001100011011011001011
11100000100001100011100001010101
01110000000011110110110000101001
11101001000110001101111100000100
11100110000111001001100111011000
00010001111100000010000000010100
10111001011000011110010110100001
01111110010110011111001110111100
01101000011001100111110100010000
10110011111111110100110101111010
11001100010001001011010100110001
01101111101000100011000111000001
01111100110111011010100111001001
11011110110000001011000010101101
01111000010001111110100111110001
10010011001001000100110111001000
00011101001011100100110010111001
00011111010100101001111101001011
00100010000101000100111111001011
10111000001010001001110011011001
11110000101110101110100011010111
01010110100110100010010110110110
11110111001111010100111100001110
01001001010101000111011010001000
10100111100100101001110110001001
00101001011111101001101100101001
11011111101100000110001010001010
00111111100111010000010001011111
10010110101101011011100011010111
11111100110110000111011100100000
01001100101001111001111101101010
00010101010001100001111110110001
00001110001100100011111001111101
00111100000101010011011001000100
01101111101110000011101101110101
10010100111110100011110000000011
11011110001011001111011011100110
00101111111110110001101110011101
10000001101100111001101011001000
01101110101110011100001100000001
10011011000000000111100101110101
00001101111100001111101011101011
01011110111010010000011100000001
10100010101001000101000101000011
10001100101001100011111101010101
10011110000110000011011111010110
00010000001011011011101011100011
11010111111000111100010011010010
00001011000001101111110010000000
11100111100011011100101100111011
00110011001010011000101000011011
10100011001111000110011011011100
10110111001000110001110010100010
11001010111100100101011010100010
11100110101101111110000010101100
11010111101101000000110101010110
01100010100000001000101100111110
00111011100000101111100111100110
10010100001010001010111010100001
01010110001100111101010101001010
00010101010100111010100000000001
00001110000001000110100011101011
11100011100111100110101011100000
10101110000101101001100110111011
10000011010010110000100011110111
10001010010100111001001000000001
11110100011110110011101110010000
00001111110101001100011100111111
11100001010010001000111011000011
00010011111001010110000100001000
01001110110000100101110010001000
01111100010000110101011010011010
00100110100000111101001101000100
10111001111001110000111111100001
10000000000000010111010000111100
11101111001100001000101101011011
10000001011100111111100110101101
10111110111110111011101111111100
10111111111101000101000111110111
10110111000101110101011110101000
01001101111010011001011010001100
00110111100101000001101010000001
10000111001101010011101010001111
01000110101100100110101011011100
01100111010011011001111111110111
00101100101111100100000000111011
10101001000000100010010011010111
10010100011110010110000001010010
00000000000000000000000000000000
00000000000000000000000000000000
00000000000000000000000000000000
00000000000000000000000000000000
00000000000000000000000000000000
00000000000000000000000000000000
00000000000000000000000000000000
00000000000000000000000000000000
