UUUUUUUUUUUUUUUUUUUUUUUUUUUUUUUU
00000000000000000000000000000000
UUUUUUUUUUUUUUUUUUUUUUUUUUUUUUUU
XXXXXXXXXXXXXXXXXXXXXXXXXXXXXXXX
XXXXXXXXXXXXXXXXXXXXXXXXXXXXXXXX
XXXXXXXXXXXXXXXXXXXXXXXXXXXXXXXX
XXXXXXXXXXXXXXXXXXXXXXXXXXXXXXXX
XXXXXXXXXXXXXXXXXXXXXXXXXXXXXXXX
XXXXXXXXXXXXXXXXXXXXXXXXXXXXXXXX
00000000000000000000001001011111
00000000000000000000000101110010
00000000000000000000001011010110
00000000000000000000000110011001
00000000000000000000001000000110
00000000000000000000001001101110
00000000000000000000000100111010
00000000000000000000000101011010
00000000000000000000000100001111
00000000000000000000000100000010
00000000000000000000000100010011
00000000000000000000001010110111
00000000000000000000000100110000
00000000000000000000000100001111
00000000000000000000000110000010
00000000000000000000000100001010
00000000000000000000000100001100
00000000000000000000001111000111
00000000000000000000000100101010
00000000000000000000000101101100
00000000000000000000000110010000
00000000000000000000000100101111
00000000000000000000000100011100
00000000000000000000000110000011
00000000000000000000000101101110
00000000000000000000000100010000
00000000000000000000000101110101
00000000000000000000000101001111
00000000000000000000001011110110
00000000000000000000001011011011
00000000000000000000001010111001
00000000000000000000000100101011
00000000000000000000000100000110
00000000000000000000000110110111
00000000000000000000000100000010
00000000000000000000000111011101
00000000000000000000000100111010
00000000000000000000001001110111
00000000000000000000000100010000
00000000000000000000000111111110
00000000000000000000000101001011
00000000000000000000000100000000
00000000000000000000000111010011
00000000000000000000001101110111
00000000000000000000010000111000
00000000000000000000001000001101
00000000000000000000000110000011
00000000000000000000000101001101
00000000000000000000000100010001
00000000000000000000001001001011
00000000000000000000000101100101
00000000000000000000000110000100
00000000000000000000000101000111
00000000000000000000010001000010
00000000000000000000000110100100
00000000000000000000000100111111
00000000000000000000000101010111
00000000000000000000000101000011
00000000000000000000001111111001
00000000000000000000000100010101
00000000000000000000010011001010
00000000000000000000000100001011
00000000000000000000001000111001
00000000000000000000000100111110
00000000000000000000000100101100
00000000000000000000000100011101
00000000000000000000000100001011
00000000000000000000000100010101
00000000000000000000000110011100
00000000000000000000001000001111
00000000000000000000000101001110
00000000000000000000000110111000
00000000000000000000001101110110
00000000000000000000010000111111
00000000000000000000000100001101
00000000000000000000000100110100
00000000000000000000000101100011
00000000000000000000000101011010
00000000000000000000000100000100
00000000000000000000001111111111
00000000000000000000000100001111
00000000000000000000001110010110
00000000000000000000000111001101
00000000000000000000000101101111
00000000000000000000001010010000
00000000000000000000000100101010
00000000000000000000000101100111
00000000000000000000000100000111
00000000000000000000000101100101
00000000000000000000000100100110
00000000000000000000000100100101
00000000000000000000000100101100
00000000000000000000000111001111
00000000000000000000001000100010
00000000000000000000000101011101
00000000000000000000000111100110
00000000000000000000000110010010
00000000000000000000001001100000
00000000000000000000000100111001
